   2.0060828e+00
   3.7328985e+01
   5.7810417e+01
   5.6575050e+01
   3.6725224e+01
   7.4330139e+00
  -2.1778914e+01
  -4.4157589e+01
  -5.5780624e+01
  -5.5114922e+01
  -4.3599162e+01
  -2.5927726e+01
  -8.2338994e+00
   5.1102570e+00
   1.3338212e+01
   1.8281375e+01
   2.1893366e+01
   2.4736248e+01
   2.6384548e+01
   2.6777184e+01
   2.6854220e+01
   2.7598070e+01
   2.8273081e+01
   2.5879650e+01
   1.7139933e+01
   1.8262616e+00
  -1.5768710e+01
  -2.9375562e+01
  -3.5603397e+01
  -3.6515467e+01
  -3.7006959e+01
  -3.9210104e+01
  -3.9565676e+01
  -3.1984748e+01
  -1.4409569e+01
   7.7912441e+00
   2.5347749e+01
   3.2328975e+01
   3.0192060e+01
   2.5250478e+01
   2.2774934e+01
   2.3488076e+01
   2.4755206e+01
   2.3892104e+01
   1.9885097e+01
   1.2726770e+01
   2.4817036e+00
  -1.0182013e+01
  -2.2884352e+01
  -3.1957486e+01
  -3.4737920e+01
  -3.1554425e+01
  -2.5178721e+01
  -1.8189002e+01
  -1.1083568e+01
  -3.0842764e+00
   5.7326984e+00
   1.3890562e+01
   2.0130426e+01
   2.4665417e+01
   2.7951828e+01
   2.8349388e+01
   2.2046483e+01
   6.4571960e+00
  -1.5681036e+01
  -3.5695921e+01
  -4.3359382e+01
  -3.3520192e+01
  -1.0148597e+01
   1.5428330e+01
   3.1233706e+01
   3.1798456e+01
   2.0825362e+01
   7.6170863e+00
   8.4656799e-02
  -3.4414534e-01
   1.7885551e+00
   1.1080694e+00
  -3.6641861e+00
  -9.2520254e+00
  -1.1620910e+01
  -9.9212063e+00
  -6.9340610e+00
  -6.2030679e+00
  -8.9157101e+00
  -1.3038949e+01
  -1.4829707e+01
  -1.1377610e+01
  -2.7604985e+00
   7.4056713e+00
   1.3871450e+01
   1.3542497e+01
   8.4737206e+00
   4.8985502e+00
   8.0471374e+00
   1.6957465e+01
   2.4533280e+01
   2.3441558e+01
   1.2421564e+01
  -3.0245022e+00
  -1.5778787e+01
  -2.2503422e+01
  -2.4259453e+01
  -2.3072165e+01
  -1.9116572e+01
  -1.1353145e+01
  -1.0190297e-01
   1.1539222e+01
   1.8743935e+01
   1.7670448e+01
   8.2074056e+00
  -4.9886776e+00
  -1.4426487e+01
  -1.4240920e+01
  -4.4252757e+00
   8.6560885e+00
   1.6582488e+01
   1.5034172e+01
   6.7632721e+00
  -1.2680388e+00
  -4.2119461e+00
  -3.4841951e+00
  -4.7067806e+00
  -1.1095647e+01
  -1.8788395e+01
  -1.9309401e+01
  -7.4081427e+00
   1.3071474e+01
   3.0946167e+01
   3.5740814e+01
   2.5299970e+01
   6.8615864e+00
  -8.9304253e+00
  -1.5792090e+01
  -1.4914196e+01
  -1.1645585e+01
  -9.9412118e+00
  -9.9612795e+00
  -9.8652488e+00
  -8.5377043e+00
  -6.3280815e+00
  -4.0796730e+00
  -2.2108844e+00
  -4.8962811e-01
   1.9021930e+00
   5.9849895e+00
   1.1892754e+01
   1.7692970e+01
   1.9787665e+01
   1.5619877e+01
   6.6439388e+00
  -1.9552688e+00
  -5.6195177e+00
  -4.7968192e+00
  -4.2471246e+00
  -7.4086263e+00
  -1.1895354e+01
  -1.1540846e+01
  -3.3485678e+00
   7.9634009e+00
   1.3087803e+01
   6.5020127e+00
  -7.8274238e+00
  -1.9184652e+01
  -1.9188266e+01
  -8.9443716e+00
   2.3904176e+00
   6.2947989e+00
   2.7713504e+00
   1.8277689e-01
   7.0653458e+00
   2.3140826e+01
   3.7681770e+01
   3.7241181e+01
   1.6682060e+01
  -1.5602924e+01
  -4.2712687e+01
  -5.0655012e+01
  -3.7468243e+01
  -1.3521447e+01
   6.6007389e+00
   1.4048472e+01
   1.0130088e+01
   2.8919281e+00
  -6.6701585e-03
   4.1141600e+00
   1.3344143e+01
   2.3881610e+01
   3.1533971e+01
   3.1974765e+01
   2.2149371e+01
   3.1798369e+00
  -1.8413637e+01
  -3.4009095e+01
  -3.8838270e+01
  -3.5138778e+01
  -2.9151444e+01
  -2.4574770e+01
  -1.8797822e+01
  -5.8744368e+00
   1.6164039e+01
   4.0511590e+01
   5.4427317e+01
   4.8305238e+01
   2.3864676e+01
  -5.6277874e+00
  -2.4089133e+01
  -2.3773604e+01
  -9.9187281e+00
   4.6558004e+00
   9.8804340e+00
   4.7358130e+00
  -4.9489329e+00
  -1.3550994e+01
  -2.0069383e+01
  -2.6042677e+01
  -3.0260013e+01
  -2.7097423e+01
  -1.1490439e+01
   1.3960370e+01
   3.7563594e+01
   4.6029064e+01
   3.5851644e+01
   1.8652343e+01
   1.3323465e+01
   2.8214767e+01
   4.8194782e+01
   4.2336460e+01
  -8.3421221e+00
  -8.6011770e+01
  -1.4143983e+02
  -1.3189665e+02
  -5.9454233e+01
   2.8101487e+01
   7.6894349e+01
   6.9983819e+01
   3.4490504e+01
   1.0694518e+01
   1.6350006e+01
   3.8188397e+01
   5.1636577e+01
   4.4243514e+01
   2.1473841e+01
  -4.2287191e+00
  -2.5186373e+01
  -4.0045905e+01
  -4.8379231e+01
  -4.7775116e+01
  -3.6771282e+01
  -1.8575985e+01
  -3.0644855e-02
   1.3255070e+01
   2.0013856e+01
   2.1595862e+01
   1.8330872e+01
   8.9690355e+00
  -6.0287358e+00
  -2.1700710e+01
  -3.0279671e+01
  -2.6209532e+01
  -9.9174790e+00
   1.2377461e+01
   3.1817111e+01
   4.0803740e+01
   3.6360569e+01
   2.1938713e+01
   6.1281830e+00
  -2.2590682e+00
  -1.6827599e-01
   7.3045096e+00
   1.0596623e+01
   2.9065809e+00
  -1.4557190e+01
  -3.3149245e+01
  -4.2645711e+01
  -3.8189465e+01
  -2.3302442e+01
  -6.6755119e+00
   4.5768786e+00
   9.3475918e+00
   1.1117474e+01
   1.3027028e+01
   1.4851740e+01
   1.4405745e+01
   1.0850699e+01
   5.9308504e+00
   2.2595998e+00
   1.1590943e+00
   2.3413853e+00
   4.9630567e+00
   8.1217491e+00
   1.0227724e+01
   8.7468565e+00
   1.7844065e+00
  -9.3898895e+00
  -1.9797268e+01
  -2.3883580e+01
  -2.0120879e+01
  -1.2542893e+01
  -7.1877484e+00
  -6.5923021e+00
  -7.6983706e+00
  -5.1735493e+00
   3.2882007e+00
   1.4931515e+01
   2.4835130e+01
   3.0337878e+01
   3.2382443e+01
   3.2803551e+01
   3.0846670e+01
   2.2721952e+01
   4.9261826e+00
  -2.1218944e+01
  -4.7510611e+01
  -6.1846146e+01
  -5.5705846e+01
  -3.1526122e+01
  -3.4540192e+00
   1.1307134e+01
   5.2964539e+00
  -1.2774116e+01
  -2.4444623e+01
  -1.6236683e+01
   9.7078113e+00
   3.8210003e+01
   5.4249310e+01
   5.4671398e+01
   4.7954856e+01
   4.3133610e+01
   3.9549737e+01
   2.8064577e+01
   2.3577770e+00
  -3.1738477e+01
  -5.9076680e+01
  -6.7932477e+01
  -6.0062693e+01
  -4.7850722e+01
  -4.1283019e+01
  -3.8114420e+01
  -2.7431594e+01
  -2.7718837e+00
   2.8952892e+01
   5.1810188e+01
   5.4142459e+01
   3.8520414e+01
   2.0055098e+01
   1.4903441e+01
   2.7925127e+01
   4.8458312e+01
   5.7392836e+01
   4.0888253e+01
   9.8231192e-01
  -4.4953006e+01
  -7.5678310e+01
  -7.9579927e+01
  -5.9937885e+01
  -2.9412424e+01
  -6.8454475e-01
   1.8198994e+01
   2.2627139e+01
   1.0289639e+01
  -1.5780888e+01
  -4.3659322e+01
  -5.5519368e+01
  -3.8257007e+01
   6.0761814e+00
   5.9507019e+01
   9.8607911e+01
   1.0828278e+02
   8.8927999e+01
   5.3259925e+01
   1.6935315e+01
  -9.9808925e+00
  -2.6280454e+01
  -3.7321334e+01
  -4.9340051e+01
  -6.3723588e+01
  -7.5198328e+01
  -7.5957636e+01
  -6.2705128e+01
  -4.0115289e+01
  -1.7158429e+01
   2.6903616e-01
   1.3343999e+01
   2.7360478e+01
   4.5095680e+01
   6.3159253e+01
   7.4701829e+01
   7.5331960e+01
   6.6005266e+01
   5.0274210e+01
   2.9715256e+01
   3.3210276e+00
  -2.8160571e+01
  -5.8055945e+01
  -7.5401474e+01
  -7.2295231e+01
  -5.0751348e+01
  -2.2576628e+01
  -1.8511281e+00
   3.8512106e+00
  -3.3301509e+00
  -1.5169993e+01
  -2.3163827e+01
  -2.1535432e+01
  -7.2504161e+00
   1.9505178e+01
   5.2833839e+01
   7.9881145e+01
   8.5364745e+01
   6.1450588e+01
   1.5720267e+01
  -3.1096113e+01
  -5.8156471e+01
  -5.8464353e+01
  -4.1735060e+01
  -2.3845255e+01
  -1.3063970e+01
  -5.8019526e+00
   5.4914859e+00
   2.1790640e+01
   3.5453399e+01
   3.7922694e+01
   2.8177333e+01
   1.3155026e+01
   8.2658523e-01
  -5.9145277e+00
  -9.0356943e+00
  -1.1700587e+01
  -1.6909115e+01
  -2.8350087e+01
  -4.8215881e+01
  -7.1093450e+01
  -8.1740339e+01
  -6.4014907e+01
  -1.5610854e+01
   4.6550999e+01
   9.7712055e+01
   1.2273518e+02
   1.2238507e+02
   1.0442676e+02
   7.2226207e+01
   2.4427253e+01
  -3.5095604e+01
  -9.0332810e+01
  -1.1968508e+02
  -1.1158468e+02
  -7.4277758e+01
  -2.9826920e+01
   2.4816849e+00
   1.8447730e+01
   2.6892142e+01
   3.6743168e+01
   4.6124120e+01
   4.3531688e+01
   1.9746631e+01
  -2.0584300e+01
  -5.8451104e+01
  -7.2222649e+01
  -5.2511696e+01
  -8.6539601e+00
   3.7859742e+01
   6.7565852e+01
   7.4072258e+01
   6.4511079e+01
   5.0646146e+01
   3.8699400e+01
   2.5914510e+01
   5.7720416e+00
  -2.3344941e+01
  -5.3903207e+01
  -7.3348783e+01
  -7.3279471e+01
  -5.5962498e+01
  -3.2796721e+01
  -1.5972682e+01
  -9.9016252e+00
  -9.0137920e+00
  -3.4611929e+00
   1.2072632e+01
   3.3732026e+01
   5.1613402e+01
   5.7539467e+01
   5.0611942e+01
   3.6192660e+01
   2.0266232e+01
   5.0805073e+00
  -1.0142424e+01
  -2.5210386e+01
  -3.6681193e+01
  -4.0126646e+01
  -3.4639398e+01
  -2.4510200e+01
  -1.5682074e+01
  -1.0250581e+01
  -4.8420847e+00
   5.1443718e+00
   1.9855697e+01
   3.3983195e+01
   4.1437549e+01
   4.0593415e+01
   3.4671496e+01
   2.7214612e+01
   1.7686833e+01
   1.9727099e+00
  -2.2451650e+01
  -5.1694136e+01
  -7.5844180e+01
  -8.4503071e+01
  -7.2719713e+01
  -4.2954621e+01
  -2.9946750e+00
